=~=~=~=~=~=~=~=~=~=~=~= PuTTY log 2016.11.26 01:57:29 =~=~=~=~=~=~=~=~=~=~=~=
0.03 9.32 98164.25
0.03 9.18 98162.00
0.03 9.44 98162.75
0.03 9.40 98164.00
0.03 9.40 98163.25
0.03 9.93 98164.25
0.03 9.42 98164.50
0.03 9.17 98165.75
0.03 9.52 98166.50
0.03 9.22 98166.00
0.03 9.14 98166.00
0.03 9.47 98167.75
0.03 9.31 98169.50
0.03 9.45 98167.50
0.03 9.41 98166.25
0.03 9.37 98168.00
0.03 9.34 98164.25
0.03 9.42 98166.25
0.03 9.56 98172.50
0.03 9.43 98165.00
0.03 9.36 98166.25
0.03 9.44 98168.75
0.03 9.41 98169.75
0.03 9.73 98168.25
0.03 9.20 98168.50
0.03 9.25 98170.25
0.03 9.38 98167.00
0.03 9.31 98167.25
0.03 9.60 98166.50
0.03 9.76 98168.75
0.02 9.46 98168.25
0.03 9.23 98167.75
0.03 9.60 98168.25
0.03 9.52 98166.50
0.03 9.25 98167.50
0.03 9.16 98166.25
0.03 9.39 98166.75
0.03 9.56 98168.75
0.03 9.29 98167.00
0.03 9.35 98168.00
0.02 9.55 98169.50
0.03 9.33 98167.75
0.03 9.45 98170.00
0.03 9.25 98170.25
0.03 9.53 98163.25
0.03 9.33 98169.50
0.03 9.50 98166.75
0.03 9.35 98167.75
0.02 9.44 98169.50
0.03 9.25 98170.25
0.03 9.21 98166.25
0.03 9.29 98167.25
0.03 9.27 98168.50
0.03 9.52 98166.00
0.03 9.33 98169.75
0.03 9.55 98168.25
0.03 9.31 98168.00
0.03 9.35 98167.00
0.03 9.36 98164.25
0.03 9.34 98166.75
0.03 9.06 98165.25
0.03 9.43 98167.75
0.03 9.37 98166.50
0.03 9.14 98165.25
0.03 9.25 98168.25
